2
3
6
7
9
18
25
27
54
73
97
129
171
231
313
327
649
703
871
1161
2223
2463
2919
3711
6171
10971
13255
17647
23529
26623
34239
35655
52527
77031
106239
142587
156159
216367
230631
410011
511935
626331
837799
1,117065
1,501353
1,723519
2,298025
3,064033
3,542887
3,732423
5,649499
6,649279
8,400511
11,200681
14,934241
15,733191
31,466382
36,791535
63,728127
127,456254
169,941673
226,588897
268,549803
537,099606
670,617279
1341,234558
1412,987847
1674,652263
2610,744987
4578,853915
4890,328815
9780,657630
12212,032815
12235,060455
13371,194527
17828,259369
31694,683323
63389,366646
75128,138247
133561,134663
158294,678119
166763,117679
202485,402111
404970,804222
426635,908975
568847,878633
674190,078379
881715,740415
989345,275647
1,122382,791663
1,444338,092271
1,899148,184679
2,081751,768559
2,775669,024745
3,700892,032993
3,743559,068799
7,487118,137598
7,887663,552367
10,516884,736489
14,022512,981985
19,536224,150271
26,262557,464201
27,667550,250351
38,903934,249727
48,575069,253735
51,173735,510107
60,650353,197163
80,867137,596217
100,759293,214567
134,345724,286089
223,656998,090055
397,612441,048987
530,149921,398649
706,866561,864865
942,488749,153153
1256,651665,537537
1675,535554,050049
2234,047405,400065
2978,729873,866753
3586,720916,237671
4320,515538,764287
4861,718551,722727
6482,291402,296969
7579,309213,675935
12769,884180,266527
17026,512240,355369
22702,016320,473825
45404,032640,947650
46785,696846,401151
93571,393692,802302
104899,295810,901231
209798,591621,802462
279731,455495,736617
372975,273994,315489
497300,365325,753985
539483,373894,066267
931386,509544,713451
1,278775,404785,934855
1,339302,163616,345727
2,678604,327232,691454
3,571472,436310,255273
4,761963,248413,673697
5,065931,099926,693735
5,977996,304343,501855
9,781262,575275,081247
13,041683,433700,108329
14,727207,461063,895711
28,019077,177231,758495
